100 140
0 59 2 0
0 88 10 1
1 39 1 0
1 54 1 0
1 92 1 1
2 60 9 1
2 79 10 1
2 82 8 1
3 20 8 1
3 58 3 1
3 86 8 1
4 5 2 0
4 7 9 0
4 11 6 0
4 32 5 1
4 81 6 1
4 85 4 1
5 6 8 0
5 49 2 0
5 98 5 0
6 67 8 0
7 34 1 0
7 42 2 0
8 32 2 0
8 52 1 0
8 53 1 0
9 54 9 0
9 72 2 0
10 49 8 0
10 87 4 1
11 49 3 1
11 60 8 1
12 43 1 1
12 77 6 0
13 24 3 1
13 62 4 1
13 68 2 0
13 99 5 0
14 30 9 0
14 75 4 0
14 80 8 1
14 84 5 0
15 97 6 0
16 35 2 1
16 46 3 1
16 55 6 1
17 39 4 0
17 46 8 0
17 76 8 0
18 94 7 1
18 95 5 0
19 52 3 1
19 56 7 0
20 74 6 0
20 79 9 0
21 22 10 1
21 23 10 0
21 46 4 0
21 48 4 1
21 49 6 0
21 66 7 1
21 70 8 1
21 92 3 0
21 98 9 0
23 77 5 0
23 94 8 0
24 72 1 0
25 32 8 0
25 88 9 1
26 27 8 1
26 38 3 0
27 65 6 0
27 85 1 0
28 43 7 0
28 64 3 1
29 56 10 0
29 67 3 1
29 68 8 1
29 94 7 1
30 52 6 0
30 55 10 0
30 61 2 0
30 89 5 1
31 61 3 1
31 75 4 0
32 56 10 0
33 81 3 1
34 79 5 0
36 40 1 1
36 48 9 0
37 80 10 1
37 93 10 0
39 69 1 1
40 55 3 0
40 63 10 1
41 49 2 0
41 58 4 0
41 99 9 1
43 50 5 1
43 76 3 1
43 93 5 1
44 76 10 1
45 57 5 1
45 69 1 0
45 82 1 1
45 85 8 1
45 94 9 0
46 66 9 1
47 49 7 1
47 51 5 0
49 82 8 0
49 95 6 0
50 83 2 1
50 99 3 1
51 71 8 1
52 83 1 0
53 55 8 1
53 59 1 1
54 87 5 1
55 75 9 1
56 71 2 1
57 82 7 1
59 90 8 0
60 90 10 0
68 76 10 0
69 74 6 0
69 86 1 0
69 88 7 1
70 78 8 0
70 91 4 1
73 82 8 0
77 97 3 0
78 79 8 1
78 93 8 0
78 94 3 1
80 99 2 1
82 84 3 1
88 96 8 1
89 99 3 0
96 98 3 0

